"province","date_report","cases","cumulative_cases"
"Saskatchewan","25-01-2020",0,0
"Saskatchewan","26-01-2020",0,0
"Saskatchewan","27-01-2020",0,0
"Saskatchewan","28-01-2020",0,0
"Saskatchewan","29-01-2020",0,0
"Saskatchewan","30-01-2020",0,0
"Saskatchewan","31-01-2020",0,0
"Saskatchewan","01-02-2020",0,0
"Saskatchewan","02-02-2020",0,0
"Saskatchewan","03-02-2020",0,0
"Saskatchewan","04-02-2020",0,0
"Saskatchewan","05-02-2020",0,0
"Saskatchewan","06-02-2020",0,0
"Saskatchewan","07-02-2020",0,0
"Saskatchewan","08-02-2020",0,0
"Saskatchewan","09-02-2020",0,0
"Saskatchewan","10-02-2020",0,0
"Saskatchewan","11-02-2020",0,0
"Saskatchewan","12-02-2020",0,0
"Saskatchewan","13-02-2020",0,0
"Saskatchewan","14-02-2020",0,0
"Saskatchewan","15-02-2020",0,0
"Saskatchewan","16-02-2020",0,0
"Saskatchewan","17-02-2020",0,0
"Saskatchewan","18-02-2020",0,0
"Saskatchewan","19-02-2020",0,0
"Saskatchewan","20-02-2020",0,0
"Saskatchewan","21-02-2020",0,0
"Saskatchewan","22-02-2020",0,0
"Saskatchewan","23-02-2020",0,0
"Saskatchewan","24-02-2020",0,0
"Saskatchewan","25-02-2020",0,0
"Saskatchewan","26-02-2020",0,0
"Saskatchewan","27-02-2020",0,0
"Saskatchewan","28-02-2020",0,0
"Saskatchewan","29-02-2020",0,0
"Saskatchewan","01-03-2020",0,0
"Saskatchewan","02-03-2020",0,0
"Saskatchewan","03-03-2020",0,0
"Saskatchewan","04-03-2020",0,0
"Saskatchewan","05-03-2020",0,0
"Saskatchewan","06-03-2020",0,0
"Saskatchewan","07-03-2020",0,0
"Saskatchewan","08-03-2020",0,0
"Saskatchewan","09-03-2020",0,0
"Saskatchewan","10-03-2020",0,0
"Saskatchewan","11-03-2020",0,0
"Saskatchewan","12-03-2020",1,1
"Saskatchewan","13-03-2020",1,2
"Saskatchewan","14-03-2020",4,6
"Saskatchewan","15-03-2020",0,6
"Saskatchewan","16-03-2020",1,7
"Saskatchewan","17-03-2020",1,8
"Saskatchewan","18-03-2020",8,16
"Saskatchewan","19-03-2020",4,20
"Saskatchewan","20-03-2020",6,26
"Saskatchewan","21-03-2020",18,44
"Saskatchewan","22-03-2020",8,52
"Saskatchewan","23-03-2020",14,66
"Saskatchewan","24-03-2020",6,72
"Saskatchewan","25-03-2020",14,86
"Saskatchewan","26-03-2020",9,95
"Saskatchewan","27-03-2020",9,104
"Saskatchewan","28-03-2020",30,134
"Saskatchewan","29-03-2020",22,156
"Saskatchewan","30-03-2020",20,176
"Saskatchewan","31-03-2020",8,184
"Saskatchewan","01-04-2020",9,193
"Saskatchewan","02-04-2020",13,206
"Saskatchewan","03-04-2020",14,220
"Saskatchewan","04-04-2020",11,231
"Saskatchewan","05-04-2020",18,249
"Saskatchewan","06-04-2020",4,253
"Saskatchewan","07-04-2020",7,260
"Saskatchewan","08-04-2020",11,271
"Saskatchewan","09-04-2020",7,278
"Saskatchewan","10-04-2020",7,285
"Saskatchewan","11-04-2020",4,289
"Saskatchewan","12-04-2020",9,298
"Saskatchewan","13-04-2020",2,300
"Saskatchewan","14-04-2020",1,301
"Saskatchewan","15-04-2020",3,304
"Saskatchewan","16-04-2020",1,305
"Saskatchewan","17-04-2020",2,307
"Saskatchewan","18-04-2020",6,313
"Saskatchewan","19-04-2020",2,315
"Saskatchewan","20-04-2020",1,316
"Saskatchewan","21-04-2020",4,320
"Saskatchewan","22-04-2020",6,326
"Saskatchewan","23-04-2020",5,331
"Saskatchewan","24-04-2020",10,341
"Saskatchewan","25-04-2020",8,349
"Saskatchewan","26-04-2020",4,353
"Saskatchewan","27-04-2020",12,365
"Saskatchewan","28-04-2020",1,366
"Saskatchewan","29-04-2020",17,383
"Saskatchewan","30-04-2020",6,389
"Saskatchewan","01-05-2020",26,415
"Saskatchewan","02-05-2020",6,421
"Saskatchewan","03-05-2020",12,433
"Saskatchewan","04-05-2020",34,467
"Saskatchewan","05-05-2020",20,487
"Saskatchewan","06-05-2020",25,512
"Saskatchewan","07-05-2020",19,531
"Saskatchewan","08-05-2020",13,544
"Saskatchewan","09-05-2020",9,553
"Saskatchewan","10-05-2020",11,564
"Saskatchewan","11-05-2020",4,568
"Saskatchewan","12-05-2020",5,573
"Saskatchewan","13-05-2020",4,577
"Saskatchewan","14-05-2020",5,582
"Saskatchewan","15-05-2020",8,590
"Saskatchewan","16-05-2020",1,591
"Saskatchewan","17-05-2020",1,592
"Saskatchewan","18-05-2020",0,592
"Saskatchewan","19-05-2020",7,599
"Saskatchewan","20-05-2020",21,620
"Saskatchewan","21-05-2020",2,622
"Saskatchewan","22-05-2020",5,627
"Saskatchewan","23-05-2020",3,630
"Saskatchewan","24-05-2020",2,632
"Saskatchewan","25-05-2020",2,634
"Saskatchewan","26-05-2020",0,634
"Saskatchewan","27-05-2020",2,636
"Saskatchewan","28-05-2020",1,637
"Saskatchewan","29-05-2020",2,639
"Saskatchewan","30-05-2020",4,643
"Saskatchewan","31-05-2020",1,644
"Saskatchewan","01-06-2020",1,645
"Saskatchewan","02-06-2020",0,645
"Saskatchewan","03-06-2020",1,646
"Saskatchewan","04-06-2020",1,647
"Saskatchewan","05-06-2020",1,648
"Saskatchewan","06-06-2020",1,649
"Saskatchewan","07-06-2020",0,649
"Saskatchewan","08-06-2020",4,653
"Saskatchewan","09-06-2020",2,655
"Saskatchewan","10-06-2020",2,657
"Saskatchewan","11-06-2020",2,659
"Saskatchewan","12-06-2020",3,662
"Saskatchewan","13-06-2020",1,663
"Saskatchewan","14-06-2020",1,664
"Saskatchewan","15-06-2020",16,680
"Saskatchewan","16-06-2020",0,680
"Saskatchewan","17-06-2020",9,689
"Saskatchewan","18-06-2020",14,703
"Saskatchewan","19-06-2020",8,711
"Saskatchewan","20-06-2020",10,721
"Saskatchewan","21-06-2020",19,740
"Saskatchewan","22-06-2020",1,741
"Saskatchewan","23-06-2020",11,752
"Saskatchewan","24-06-2020",4,756
"Saskatchewan","25-06-2020",3,759
"Saskatchewan","26-06-2020",12,771
"Saskatchewan","27-06-2020",6,777
"Saskatchewan","28-06-2020",1,778
"Saskatchewan","29-06-2020",1,779
"Saskatchewan","30-06-2020",6,785
"Saskatchewan","01-07-2020",0,785
"Saskatchewan","02-07-2020",10,795
"Saskatchewan","03-07-2020",1,796
"Saskatchewan","04-07-2020",0,796
"Saskatchewan","05-07-2020",0,796
"Saskatchewan","06-07-2020",9,805
"Saskatchewan","07-07-2020",1,806
"Saskatchewan","08-07-2020",2,808
"Saskatchewan","09-07-2020",5,813
"Saskatchewan","10-07-2020",2,815
"Saskatchewan","11-07-2020",1,816
"Saskatchewan","12-07-2020",20,836
"Saskatchewan","13-07-2020",31,867
"Saskatchewan","14-07-2020",5,872
"Saskatchewan","15-07-2020",5,877
"Saskatchewan","16-07-2020",42,919
"Saskatchewan","17-07-2020",13,932
"Saskatchewan","18-07-2020",6,938
"Saskatchewan","19-07-2020",5,943
"Saskatchewan","20-07-2020",19,962
"Saskatchewan","21-07-2020",8,970
"Saskatchewan","22-07-2020",60,1030
"Saskatchewan","23-07-2020",42,1072
"Saskatchewan","24-07-2020",27,1099
"Saskatchewan","25-07-2020",37,1136
"Saskatchewan","26-07-2020",42,1178
"Saskatchewan","27-07-2020",30,1208
"Saskatchewan","28-07-2020",9,1217
"Saskatchewan","29-07-2020",50,1267
"Saskatchewan","30-07-2020",38,1305
"Saskatchewan","31-07-2020",14,1319
"Saskatchewan","01-08-2020",15,1334
"Saskatchewan","02-08-2020",8,1342
"Saskatchewan","03-08-2020",17,1359
"Saskatchewan","04-08-2020",9,1368
"Saskatchewan","05-08-2020",8,1376
"Saskatchewan","06-08-2020",11,1387
"Saskatchewan","07-08-2020",23,1409
"Saskatchewan","08-08-2020",23,1432
"Saskatchewan","09-08-2020",14,1444
"Saskatchewan","10-08-2020",5,1449
"Saskatchewan","11-08-2020",30,1478
"Saskatchewan","12-08-2020",5,1483
"Saskatchewan","13-08-2020",27,1510
"Saskatchewan","14-08-2020",30,1540
"Saskatchewan","15-08-2020",25,1565
"Saskatchewan","16-08-2020",15,1580
"Saskatchewan","17-08-2020",1,1581
"Saskatchewan","18-08-2020",1,1582
"Saskatchewan","19-08-2020",4,1586
"Saskatchewan","20-08-2020",6,1590
"Saskatchewan","21-08-2020",6,1595
"Saskatchewan","22-08-2020",2,1597
"Saskatchewan","23-08-2020",3,1600
"Saskatchewan","24-08-2020",4,1602
"Saskatchewan","25-08-2020",0,1601
"Saskatchewan","26-08-2020",3,1604
"Saskatchewan","27-08-2020",5,1609
"Saskatchewan","28-08-2020",2,1611
"Saskatchewan","29-08-2020",4,1615
"Saskatchewan","30-08-2020",0,1615
"Saskatchewan","31-08-2020",4,1619
"Saskatchewan","01-09-2020",2,1621
"Saskatchewan","02-09-2020",2,1624
"Saskatchewan","03-09-2020",10,1634
"Saskatchewan","04-09-2020",4,1638
"Saskatchewan","05-09-2020",5,1643
"Saskatchewan","06-09-2020",8,1651
"Saskatchewan","07-09-2020",10,1661
"Saskatchewan","08-09-2020",7,1668
"Saskatchewan","09-09-2020",1,1670
"Saskatchewan","10-09-2020",6,1675
"Saskatchewan","11-09-2020",13,1688
"Saskatchewan","12-09-2020",21,1709
"Saskatchewan","13-09-2020",16,1725
"Saskatchewan","14-09-2020",8,1731
"Saskatchewan","15-09-2020",10,1741
"Saskatchewan","16-09-2020",9,1750
"Saskatchewan","17-09-2020",7,1757
"Saskatchewan","18-09-2020",19,1776
"Saskatchewan","19-09-2020",11,1787
"Saskatchewan","20-09-2020",19,1806
"Saskatchewan","21-09-2020",7,1814
"Saskatchewan","22-09-2020",10,1824
"Saskatchewan","23-09-2020",6,1830
"Saskatchewan","24-09-2020",5,1835
"Saskatchewan","25-09-2020",10,1845
"Saskatchewan","26-09-2020",19,1863
"Saskatchewan","27-09-2020",14,1877
"Saskatchewan","28-09-2020",14,1892
"Saskatchewan","29-09-2020",7,1899
"Saskatchewan","30-09-2020",14,1913
"Saskatchewan","01-10-2020",14,1927
"Saskatchewan","02-10-2020",13,1940
"Saskatchewan","03-10-2020",14,1954
"Saskatchewan","04-10-2020",5,1959
"Saskatchewan","05-10-2020",9,1968
"Saskatchewan","06-10-2020",15,1983
"Saskatchewan","07-10-2020",10,1994
"Saskatchewan","08-10-2020",18,2012
"Saskatchewan","09-10-2020",22,2034
"Saskatchewan","10-10-2020",34,2068
"Saskatchewan","11-10-2020",24,2092
"Saskatchewan","12-10-2020",48,2140
"Saskatchewan","13-10-2020",32,2172
"Saskatchewan","14-10-2020",25,2198
"Saskatchewan","15-10-2020",33,2231
"Saskatchewan","16-10-2020",40,2270
"Saskatchewan","17-10-2020",35,2305
"Saskatchewan","18-10-2020",23,2328
"Saskatchewan","19-10-2020",66,2394
"Saskatchewan","20-10-2020",44,2439
"Saskatchewan","21-10-2020",57,2496
"Saskatchewan","22-10-2020",59,2556
"Saskatchewan","23-10-2020",33,2589
"Saskatchewan","24-10-2020",78,2667
"Saskatchewan","25-10-2020",60,2727
"Saskatchewan","26-10-2020",54,2781
"Saskatchewan","27-10-2020",57,2838
"Saskatchewan","28-10-2020",67,2906
"Saskatchewan","29-10-2020",82,2988
"Saskatchewan","30-10-2020",76,3064
"Saskatchewan","31-10-2020",78,3142
"Saskatchewan","01-11-2020",73,3215
"Saskatchewan","02-11-2020",63,3279
"Saskatchewan","03-11-2020",80,3368
"Saskatchewan","04-11-2020",36,3405
"Saskatchewan","05-11-2020",124,3529
"Saskatchewan","06-11-2020",84,3618
"Saskatchewan","07-11-2020",115,3733
"Saskatchewan","08-11-2020",156,3889
"Saskatchewan","09-11-2020",184,4074
"Saskatchewan","10-11-2020",126,4203
"Saskatchewan","11-11-2020",110,4314
"Saskatchewan","12-11-2020",106,4421
"Saskatchewan","13-11-2020",81,4502
"Saskatchewan","14-11-2020",298,4800
"Saskatchewan","15-11-2020",171,4977
"Saskatchewan","16-11-2020",176,5157
"Saskatchewan","17-11-2020",227,5388
"Saskatchewan","18-11-2020",124,5512
"Saskatchewan","19-11-2020",94,5625
"Saskatchewan","20-11-2020",149,5776
"Saskatchewan","21-11-2020",430,6208
"Saskatchewan","22-11-2020",234,6445
"Saskatchewan","23-11-2020",232,6677
"Saskatchewan","24-11-2020",171,6853
"Saskatchewan","25-11-2020",162,7016
"Saskatchewan","26-11-2020",291,7334
"Saskatchewan","27-11-2020",324,7662
"Saskatchewan","28-11-2020",195,7862
"Saskatchewan","29-11-2020",347,8209
"Saskatchewan","30-11-2020",323,8536
"Saskatchewan","01-12-2020",175,8714
"Saskatchewan","02-12-2020",231,8949
"Saskatchewan","03-12-2020",258,9214
"Saskatchewan","04-12-2020",265,9481
"Saskatchewan","05-12-2020",197,9688
"Saskatchewan","06-12-2020",412,10107
"Saskatchewan","07-12-2020",271,10379
"Saskatchewan","08-12-2020",180,10565
"Saskatchewan","09-12-2020",300,10867
"Saskatchewan","10-12-2020",320,11189
"Saskatchewan","11-12-2020",246,11443
"Saskatchewan","12-12-2020",272,11717
"Saskatchewan","13-12-2020",220,11942
